矩阵运算性能测试结果
====================

测试环境:
- 矩阵大小: 10, 50, 100, 500
- 测试次数: 小矩阵测试20次, 大矩阵测试5次
- 单位: 秒 (平均值)

矩阵大小: 10x10
-------------------
矩阵加法: 0.0000 秒 (测试 20 次)
矩阵标量乘法: 0.0000 秒 (测试 20 次)
矩阵转置: 0.0000 秒 (测试 20 次)
矩阵乘法: 0.0000 秒 (测试 20 次)

行列式计算性能:
递归展开法: 0.1096 秒 (测试 20 次)
高斯消元法: 0.0000 秒 (测试 20 次)
LU分解法: 0.0000 秒 (测试 20 次)

逆矩阵计算性能:
伴随矩阵法: 1.7844 秒 (测试 20 次)
Gauss-Jordan消元法: 0.0000 秒 (测试 20 次)
LU分解法: 0.0000 秒 (测试 20 次)


详细测试时间数组:
矩阵加法: [0.0000, 0.0000, 0.0000, 0.0000, 0.0000, 0.0000, 0.0000, 0.0000, 0.0000, 0.0000, 0.0000, 0.0000, 0.0000, 0.0000, 0.0000, 0.0000, 0.0000, 0.0000, 0.0000, 0.0000]
矩阵标量乘法: [0.0000, 0.0000, 0.0000, 0.0000, 0.0000, 0.0000, 0.0000, 0.0000, 0.0000, 0.0000, 0.0000, 0.0000, 0.0000, 0.0000, 0.0000, 0.0000, 0.0000, 0.0000, 0.0000, 0.0000]
矩阵转置: [0.0000, 0.0000, 0.0000, 0.0000, 0.0000, 0.0000, 0.0000, 0.0000, 0.0000, 0.0000, 0.0000, 0.0000, 0.0000, 0.0000, 0.0000, 0.0000, 0.0000, 0.0000, 0.0000, 0.0000]
矩阵乘法: [0.0000, 0.0000, 0.0000, 0.0000, 0.0000, 0.0000, 0.0000, 0.0000, 0.0000, 0.0000, 0.0000, 0.0000, 0.0000, 0.0000, 0.0000, 0.0000, 0.0000, 0.0000, 0.0000, 0.0000]
行列式计算-递归展开法: [0.2014, 0.0998, 0.1172, 0.1236, 0.0969, 0.1062, 0.1321, 0.1168, 0.0985, 0.0958, 0.0985, 0.0931, 0.0973, 0.1184, 0.0972, 0.1001, 0.1136, 0.0968, 0.0961, 0.0938]
行列式计算-高斯消元法: [0.0000, 0.0000, 0.0000, 0.0000, 0.0000, 0.0000, 0.0000, 0.0000, 0.0000, 0.0000, 0.0000, 0.0000, 0.0000, 0.0000, 0.0000, 0.0000, 0.0000, 0.0000, 0.0000, 0.0000]
行列式计算-LU分解法: [0.0000, 0.0000, 0.0000, 0.0000, 0.0000, 0.0000, 0.0000, 0.0000, 0.0000, 0.0000, 0.0000, 0.0000, 0.0000, 0.0000, 0.0000, 0.0000, 0.0000, 0.0000, 0.0000, 0.0000]
逆矩阵计算-伴随矩阵法: [1.7642, 1.6696, 2.0758, 1.9936, 2.1446, 1.6764, 1.6948, 1.8208, 1.6692, 1.7260, 1.8288, 1.6429, 1.8081, 1.7335, 1.6494, 1.8630, 1.6509, 1.7734, 1.8533, 1.6505]
逆矩阵计算-Gauss-Jordan消元法: [0.0000, 0.0000, 0.0000, 0.0000, 0.0000, 0.0000, 0.0000, 0.0000, 0.0000, 0.0000, 0.0000, 0.0000, 0.0000, 0.0000, 0.0000, 0.0000, 0.0000, 0.0000, 0.0000, 0.0000]
逆矩阵计算-LU分解法: [0.0000, 0.0000, 0.0000, 0.0000, 0.0000, 0.0000, 0.0000, 0.0000, 0.0000, 0.0000, 0.0000, 0.0000, 0.0000, 0.0000, 0.0000, 0.0000, 0.0000, 0.0000, 0.0000, 0.0000]
矩阵大小: 50x50
-------------------
矩阵加法: 0.0000 秒 (测试 20 次)
矩阵标量乘法: 0.0000 秒 (测试 20 次)
矩阵转置: 0.0000 秒 (测试 20 次)
矩阵乘法: 0.0000 秒 (测试 20 次)

行列式计算性能:
递归展开法: 0.0000 秒 (测试 20 次)
高斯消元法: 0.0000 秒 (测试 20 次)
LU分解法: 0.0000 秒 (测试 20 次)

逆矩阵计算性能:
伴随矩阵法: 0.0000 秒 (测试 20 次)
Gauss-Jordan消元法: 0.0000 秒 (测试 20 次)
LU分解法: 0.0002 秒 (测试 20 次)


详细测试时间数组:
矩阵加法: [0.0000, 0.0000, 0.0000, 0.0000, 0.0000, 0.0000, 0.0000, 0.0000, 0.0000, 0.0000, 0.0000, 0.0000, 0.0000, 0.0000, 0.0000, 0.0000, 0.0000, 0.0000, 0.0000, 0.0000]
矩阵标量乘法: [0.0000, 0.0000, 0.0000, 0.0000, 0.0000, 0.0000, 0.0000, 0.0000, 0.0000, 0.0000, 0.0000, 0.0000, 0.0000, 0.0000, 0.0000, 0.0000, 0.0000, 0.0000, 0.0000, 0.0000]
矩阵转置: [0.0000, 0.0000, 0.0000, 0.0000, 0.0000, 0.0000, 0.0000, 0.0000, 0.0000, 0.0000, 0.0000, 0.0000, 0.0000, 0.0000, 0.0000, 0.0000, 0.0000, 0.0000, 0.0000, 0.0000]
矩阵乘法: [0.0001, 0.0000, 0.0000, 0.0000, 0.0000, 0.0000, 0.0000, 0.0000, 0.0000, 0.0000, 0.0000, 0.0000, 0.0000, 0.0000, 0.0000, 0.0000, 0.0000, 0.0000, 0.0000, 0.0000]
行列式计算-高斯消元法: [0.0000, 0.0000, 0.0000, 0.0000, 0.0000, 0.0000, 0.0000, 0.0000, 0.0000, 0.0000, 0.0000, 0.0000, 0.0000, 0.0000, 0.0000, 0.0000, 0.0000, 0.0000, 0.0000, 0.0000]
行列式计算-LU分解法: [0.0000, 0.0000, 0.0000, 0.0000, 0.0000, 0.0000, 0.0000, 0.0000, 0.0000, 0.0000, 0.0000, 0.0000, 0.0000, 0.0000, 0.0000, 0.0000, 0.0000, 0.0000, 0.0000, 0.0000]
逆矩阵计算-Gauss-Jordan消元法: [0.0000, 0.0000, 0.0000, 0.0000, 0.0000, 0.0000, 0.0000, 0.0000, 0.0000, 0.0000, 0.0000, 0.0000, 0.0000, 0.0000, 0.0000, 0.0000, 0.0000, 0.0000, 0.0000, 0.0000]
逆矩阵计算-LU分解法: [0.0002, 0.0002, 0.0002, 0.0002, 0.0002, 0.0001, 0.0001, 0.0002, 0.0002, 0.0002, 0.0002, 0.0001, 0.0002, 0.0001, 0.0002, 0.0001, 0.0001, 0.0002, 0.0002, 0.0001]
矩阵大小: 100x100
-------------------
矩阵加法: 0.0000 秒 (测试 20 次)
矩阵标量乘法: 0.0000 秒 (测试 20 次)
矩阵转置: 0.0001 秒 (测试 20 次)
矩阵乘法: 0.0007 秒 (测试 20 次)

行列式计算性能:
递归展开法: 未测试 (矩阵过大)
高斯消元法: 0.0002 秒 (测试 20 次)
LU分解法: 0.0002 秒 (测试 20 次)

逆矩阵计算性能:
伴随矩阵法: 未测试 (矩阵过大)
Gauss-Jordan消元法: 0.0003 秒 (测试 20 次)
LU分解法: 0.0020 秒 (测试 20 次)


详细测试时间数组:
矩阵加法: [0.0000, 0.0000, 0.0000, 0.0000, 0.0000, 0.0000, 0.0000, 0.0000, 0.0000, 0.0000, 0.0000, 0.0000, 0.0000, 0.0000, 0.0000, 0.0000, 0.0000, 0.0000, 0.0000, 0.0000]
矩阵标量乘法: [0.0000, 0.0000, 0.0000, 0.0000, 0.0000, 0.0000, 0.0000, 0.0000, 0.0000, 0.0000, 0.0000, 0.0000, 0.0000, 0.0000, 0.0000, 0.0000, 0.0000, 0.0000, 0.0000, 0.0000]
矩阵转置: [0.0001, 0.0001, 0.0001, 0.0001, 0.0001, 0.0001, 0.0001, 0.0001, 0.0001, 0.0001, 0.0001, 0.0001, 0.0001, 0.0001, 0.0001, 0.0001, 0.0001, 0.0001, 0.0001, 0.0001]
矩阵乘法: [0.0004, 0.0005, 0.0005, 0.0006, 0.0007, 0.0007, 0.0007, 0.0007, 0.0007, 0.0007, 0.0007, 0.0007, 0.0007, 0.0007, 0.0007, 0.0007, 0.0007, 0.0007, 0.0007, 0.0007]
行列式计算-高斯消元法: [0.0001, 0.0002, 0.0002, 0.0002, 0.0003, 0.0003, 0.0003, 0.0003, 0.0003, 0.0003, 0.0003, 0.0003, 0.0003, 0.0003, 0.0003, 0.0003, 0.0003, 0.0003, 0.0003, 0.0003]
行列式计算-LU分解法: [0.0001, 0.0001, 0.0001, 0.0002, 0.0002, 0.0002, 0.0002, 0.0002, 0.0002, 0.0002, 0.0002, 0.0002, 0.0002, 0.0002, 0.0002, 0.0002, 0.0002, 0.0002, 0.0002, 0.0002]
逆矩阵计算-Gauss-Jordan消元法: [0.0003, 0.0002, 0.0002, 0.0003, 0.0003, 0.0003, 0.0003, 0.0003, 0.0003, 0.0003, 0.0003, 0.0003, 0.0003, 0.0003, 0.0003, 0.0003, 0.0003, 0.0003, 0.0003, 0.0003]
逆矩阵计算-LU分解法: [0.0013, 0.0014, 0.0015, 0.0019, 0.0021, 0.0021, 0.0019, 0.0021, 0.0021, 0.0021, 0.0020, 0.0021, 0.0021, 0.0021, 0.0021, 0.0021, 0.0021, 0.0021, 0.0021, 0.0021]
矩阵大小: 500x500
-------------------
矩阵加法: 0.0015 秒 (测试 20 次)
矩阵标量乘法: 0.0013 秒 (测试 20 次)
矩阵转置: 0.0017 秒 (测试 20 次)
矩阵乘法: 0.0643 秒 (测试 20 次)

行列式计算性能:
递归展开法: 未测试 (矩阵过大)
高斯消元法: 0.0242 秒 (测试 20 次)
LU分解法: 0.0273 秒 (测试 20 次)

逆矩阵计算性能:
伴随矩阵法: 未测试 (矩阵过大)
Gauss-Jordan消元法: 0.0513 秒 (测试 20 次)
LU分解法: 0.2141 秒 (测试 20 次)


详细测试时间数组:
矩阵加法: [0.0021, 0.0013, 0.0017, 0.0021, 0.0012, 0.0024, 0.0015, 0.0012, 0.0013, 0.0018, 0.0018, 0.0010, 0.0011, 0.0015, 0.0014, 0.0023, 0.0009, 0.0009, 0.0022, 0.0011]
矩阵标量乘法: [0.0017, 0.0012, 0.0017, 0.0015, 0.0013, 0.0017, 0.0015, 0.0011, 0.0010, 0.0011, 0.0014, 0.0009, 0.0010, 0.0011, 0.0011, 0.0019, 0.0009, 0.0008, 0.0019, 0.0009]
矩阵转置: [0.0019, 0.0013, 0.0023, 0.0019, 0.0017, 0.0023, 0.0023, 0.0017, 0.0013, 0.0014, 0.0017, 0.0011, 0.0015, 0.0019, 0.0017, 0.0025, 0.0011, 0.0011, 0.0025, 0.0011]
矩阵乘法: [0.0647, 0.0658, 0.0775, 0.0623, 0.0595, 0.0746, 0.0730, 0.0608, 0.0551, 0.0568, 0.0546, 0.0591, 0.0556, 0.0541, 0.0652, 0.0751, 0.0595, 0.0710, 0.0786, 0.0621]
行列式计算-高斯消元法: [0.0225, 0.0205, 0.0281, 0.0225, 0.0220, 0.0310, 0.0274, 0.0222, 0.0234, 0.0245, 0.0216, 0.0231, 0.0204, 0.0217, 0.0216, 0.0282, 0.0211, 0.0291, 0.0303, 0.0217]
行列式计算-LU分解法: [0.0321, 0.0292, 0.0315, 0.0247, 0.0251, 0.0288, 0.0285, 0.0221, 0.0216, 0.0220, 0.0254, 0.0215, 0.0221, 0.0286, 0.0285, 0.0305, 0.0289, 0.0312, 0.0333, 0.0307]
逆矩阵计算-Gauss-Jordan消元法: [0.0619, 0.0539, 0.0640, 0.0505, 0.0528, 0.0557, 0.0438, 0.0423, 0.0442, 0.0435, 0.0425, 0.0470, 0.0484, 0.0496, 0.0539, 0.0540, 0.0521, 0.0577, 0.0591, 0.0482]
逆矩阵计算-LU分解法: [0.1937, 0.2856, 0.2024, 0.1899, 0.2377, 0.2276, 0.1833, 0.1831, 0.1830, 0.1846, 0.1823, 0.2079, 0.1836, 0.2849, 0.2381, 0.2598, 0.1902, 0.2401, 0.2320, 0.1928]
