矩阵运算性能测试结果
====================

测试环境:
- 矩阵大小: 10, 50, 100, 500
- 测试次数: 小矩阵测试20次, 大矩阵测试5次
- 单位: 秒 (平均值)

矩阵大小: 1100x1100
-------------------
矩阵加法: 0.0028 秒 (测试 20 次)
矩阵标量乘法: 0.0024 秒 (测试 20 次)
矩阵转置: 0.0036 秒 (测试 20 次)
矩阵乘法: 0.3360 秒 (测试 20 次)

行列式计算性能:
递归展开法: 未测试 (矩阵过大)
高斯消元法: 0.3220 秒 (测试 20 次)
LU分解法: 0.3214 秒 (测试 20 次)

逆矩阵计算性能:
伴随矩阵法: 未测试 (矩阵过大)
Gauss-Jordan消元法: 0.4626 秒 (测试 20 次)
LU分解法: 2.1246 秒 (测试 20 次)


详细测试时间数组:
矩阵加法: [0.0070, 0.0045, 0.0025, 0.0025, 0.0025, 0.0025, 0.0025, 0.0025, 0.0027, 0.0024, 0.0025, 0.0025, 0.0025, 0.0025, 0.0025, 0.0025, 0.0025, 0.0025, 0.0025, 0.0025]
矩阵标量乘法: [0.0064, 0.0045, 0.0021, 0.0021, 0.0021, 0.0021, 0.0021, 0.0020, 0.0023, 0.0021, 0.0021, 0.0021, 0.0021, 0.0021, 0.0021, 0.0020, 0.0021, 0.0020, 0.0021, 0.0021]
矩阵转置: [0.0107, 0.0056, 0.0056, 0.0028, 0.0028, 0.0028, 0.0028, 0.0028, 0.0032, 0.0044, 0.0028, 0.0028, 0.0028, 0.0028, 0.0028, 0.0028, 0.0028, 0.0028, 0.0028, 0.0029]
矩阵乘法: [0.8433, 0.4029, 0.2977, 0.3008, 0.2849, 0.3006, 0.2861, 0.3925, 0.2852, 0.3089, 0.3678, 0.3064, 0.2886, 0.3000, 0.2856, 0.2972, 0.2838, 0.3010, 0.2844, 0.3020]
行列式计算-高斯消元法: [0.5054, 0.3379, 0.3154, 0.2771, 0.3205, 0.3159, 0.3157, 0.3135, 0.3118, 0.3095, 0.3262, 0.3087, 0.3096, 0.3099, 0.3078, 0.3103, 0.3129, 0.3108, 0.3060, 0.3144]
行列式计算-LU分解法: [0.4792, 0.3271, 0.3110, 0.3121, 0.3180, 0.3170, 0.3149, 0.3140, 0.3109, 0.3088, 0.3276, 0.3085, 0.3112, 0.3101, 0.3144, 0.3050, 0.3118, 0.3093, 0.3068, 0.3106]
逆矩阵计算-Gauss-Jordan消元法: [0.4671, 0.4436, 0.4249, 0.5042, 0.4325, 0.5100, 0.4328, 0.5118, 0.4178, 0.4990, 0.4410, 0.5013, 0.4239, 0.4999, 0.4375, 0.4816, 0.4217, 0.4938, 0.4161, 0.4908]
逆矩阵计算-LU分解法: [2.1212, 2.1095, 2.0905, 2.0915, 2.0995, 2.1014, 2.0996, 2.1123, 2.1066, 2.1336, 2.1120, 2.0954, 2.1042, 2.0992, 2.5464, 2.0911, 2.0937, 2.0990, 2.0916, 2.0944]
矩阵大小: 1200x1200
-------------------
矩阵加法: 0.0031 秒 (测试 20 次)
矩阵标量乘法: 0.0026 秒 (测试 20 次)
矩阵转置: 0.0034 秒 (测试 20 次)
矩阵乘法: 0.4234 秒 (测试 20 次)

行列式计算性能:
递归展开法: 未测试 (矩阵过大)
高斯消元法: 0.4010 秒 (测试 20 次)
LU分解法: 0.4054 秒 (测试 20 次)

逆矩阵计算性能:
伴随矩阵法: 未测试 (矩阵过大)
Gauss-Jordan消元法: 0.6111 秒 (测试 20 次)
LU分解法: 2.8389 秒 (测试 20 次)


详细测试时间数组:
矩阵加法: [0.0056, 0.0030, 0.0033, 0.0030, 0.0029, 0.0030, 0.0030, 0.0030, 0.0030, 0.0030, 0.0030, 0.0030, 0.0030, 0.0030, 0.0030, 0.0030, 0.0030, 0.0030, 0.0030, 0.0030]
矩阵标量乘法: [0.0053, 0.0025, 0.0026, 0.0024, 0.0024, 0.0025, 0.0024, 0.0025, 0.0025, 0.0024, 0.0024, 0.0025, 0.0024, 0.0025, 0.0025, 0.0024, 0.0025, 0.0025, 0.0024, 0.0025]
矩阵转置: [0.0081, 0.0032, 0.0034, 0.0033, 0.0031, 0.0032, 0.0031, 0.0032, 0.0031, 0.0033, 0.0031, 0.0033, 0.0032, 0.0032, 0.0031, 0.0032, 0.0032, 0.0032, 0.0032, 0.0033]
矩阵乘法: [0.3808, 0.5077, 0.4851, 0.5165, 0.4738, 0.5104, 0.3766, 0.3866, 0.4466, 0.3977, 0.3777, 0.3998, 0.3774, 0.3863, 0.3711, 0.3940, 0.4866, 0.3946, 0.4073, 0.3913]
行列式计算-高斯消元法: [0.4101, 0.4073, 0.4072, 0.3984, 0.4034, 0.4037, 0.4021, 0.4051, 0.3578, 0.4025, 0.4067, 0.4075, 0.4068, 0.3469, 0.4266, 0.4091, 0.4082, 0.4002, 0.4028, 0.4068]
行列式计算-LU分解法: [0.4062, 0.4028, 0.4026, 0.4002, 0.4079, 0.4047, 0.4091, 0.4128, 0.4084, 0.4079, 0.4008, 0.4065, 0.4041, 0.3936, 0.4204, 0.4040, 0.4031, 0.4059, 0.4081, 0.3979]
逆矩阵计算-Gauss-Jordan消元法: [0.6632, 0.6498, 0.5548, 0.6501, 0.5545, 0.6404, 0.5598, 0.6578, 0.5582, 0.6604, 0.5603, 0.6485, 0.5516, 0.6567, 0.5743, 0.6598, 0.5577, 0.6509, 0.5532, 0.6594]
逆矩阵计算-LU分解法: [2.8521, 2.8514, 2.8464, 2.8312, 2.8410, 2.8314, 2.8443, 2.8297, 2.8363, 2.8476, 2.8458, 2.8465, 2.8318, 2.8256, 2.8249, 2.8309, 2.8419, 2.8417, 2.8445, 2.8326]
矩阵大小: 1300x1300
-------------------
矩阵加法: 0.0040 秒 (测试 20 次)
矩阵标量乘法: 0.0035 秒 (测试 20 次)
矩阵转置: 0.0051 秒 (测试 20 次)
矩阵乘法: 0.5198 秒 (测试 20 次)

行列式计算性能:
递归展开法: 未测试 (矩阵过大)
高斯消元法: 0.5470 秒 (测试 20 次)
LU分解法: 0.5296 秒 (测试 20 次)

逆矩阵计算性能:
伴随矩阵法: 未测试 (矩阵过大)
Gauss-Jordan消元法: 0.7689 秒 (测试 20 次)
LU分解法: 3.6070 秒 (测试 20 次)


详细测试时间数组:
矩阵加法: [0.0068, 0.0036, 0.0035, 0.0035, 0.0035, 0.0034, 0.0035, 0.0035, 0.0035, 0.0035, 0.0036, 0.0035, 0.0035, 0.0035, 0.0035, 0.0035, 0.0036, 0.0080, 0.0059, 0.0036]
矩阵标量乘法: [0.0062, 0.0029, 0.0029, 0.0029, 0.0029, 0.0028, 0.0029, 0.0029, 0.0029, 0.0028, 0.0029, 0.0029, 0.0029, 0.0029, 0.0029, 0.0029, 0.0029, 0.0072, 0.0076, 0.0029]
矩阵转置: [0.0103, 0.0042, 0.0041, 0.0041, 0.0041, 0.0061, 0.0041, 0.0040, 0.0041, 0.0041, 0.0041, 0.0041, 0.0041, 0.0042, 0.0041, 0.0041, 0.0041, 0.0102, 0.0102, 0.0041]
矩阵乘法: [0.4899, 0.5078, 0.4795, 0.5005, 0.4810, 0.5011, 0.4743, 0.5015, 0.4809, 0.4960, 0.4798, 0.5033, 0.4813, 0.5013, 0.4779, 0.5000, 0.5726, 0.8142, 0.6463, 0.5061]
行列式计算-高斯消元法: [0.5217, 0.5156, 0.5137, 0.5183, 0.5099, 0.5180, 0.5116, 0.5129, 0.5080, 0.5225, 0.5241, 0.5383, 0.5134, 0.5126, 0.5280, 0.5182, 0.5304, 0.9857, 0.6224, 0.5153]
行列式计算-LU分解法: [0.5316, 0.5150, 0.5086, 0.5115, 0.5174, 0.5121, 0.5159, 0.5160, 0.5097, 0.5275, 0.5153, 0.5445, 0.5191, 0.5185, 0.5356, 0.5369, 0.5278, 0.6912, 0.5300, 0.5078]
逆矩阵计算-Gauss-Jordan消元法: [0.8226, 0.8209, 0.7015, 0.8199, 0.6949, 0.8151, 0.6931, 0.7946, 0.6967, 0.8377, 0.6929, 0.8463, 0.6918, 0.8172, 0.7348, 0.8421, 0.6952, 0.8256, 0.7170, 0.8181]
逆矩阵计算-LU分解法: [3.5471, 3.5314, 3.5340, 3.5238, 3.5254, 3.5061, 3.5240, 3.5230, 3.5281, 3.5285, 3.5130, 3.5701, 3.5465, 3.5150, 3.4797, 3.5286, 4.9453, 3.7258, 3.5230, 3.5209]
矩阵大小: 1400x1400
-------------------
矩阵加法: 0.0046 秒 (测试 20 次)
矩阵标量乘法: 0.0038 秒 (测试 20 次)
矩阵转置: 0.0051 秒 (测试 20 次)
矩阵乘法: 0.7021 秒 (测试 20 次)

行列式计算性能:
递归展开法: 未测试 (矩阵过大)
高斯消元法: 0.6679 秒 (测试 20 次)
LU分解法: 0.6619 秒 (测试 20 次)

逆矩阵计算性能:
伴随矩阵法: 未测试 (矩阵过大)
Gauss-Jordan消元法: 0.9059 秒 (测试 20 次)
LU分解法: 4.5321 秒 (测试 20 次)


详细测试时间数组:
矩阵加法: [0.0076, 0.0041, 0.0041, 0.0042, 0.0042, 0.0041, 0.0042, 0.0041, 0.0041, 0.0041, 0.0101, 0.0041, 0.0041, 0.0042, 0.0041, 0.0041, 0.0041, 0.0041, 0.0041, 0.0041]
矩阵标量乘法: [0.0071, 0.0033, 0.0034, 0.0033, 0.0033, 0.0034, 0.0035, 0.0033, 0.0034, 0.0034, 0.0083, 0.0034, 0.0034, 0.0034, 0.0034, 0.0033, 0.0033, 0.0034, 0.0033, 0.0034]
矩阵转置: [0.0131, 0.0045, 0.0044, 0.0043, 0.0043, 0.0046, 0.0042, 0.0044, 0.0043, 0.0044, 0.0104, 0.0045, 0.0042, 0.0043, 0.0043, 0.0045, 0.0042, 0.0044, 0.0042, 0.0043]
矩阵乘法: [0.6043, 0.6256, 0.5995, 0.8231, 0.7713, 0.8606, 0.7730, 0.7160, 0.5961, 0.8154, 0.8229, 0.6259, 0.5900, 0.8154, 0.7584, 0.6233, 0.5928, 0.8144, 0.5930, 0.6201]
行列式计算-高斯消元法: [0.6464, 0.6349, 0.6368, 0.6496, 0.6528, 0.6475, 0.6492, 0.6705, 0.6743, 0.8212, 0.7410, 0.6360, 0.6455, 0.6689, 0.6680, 0.6614, 0.6955, 0.6353, 0.6729, 0.6510]
行列式计算-LU分解法: [0.6449, 0.6341, 0.6373, 0.6501, 0.7607, 0.6565, 0.6491, 0.6675, 0.6748, 0.7053, 0.7059, 0.6533, 0.6416, 0.6709, 0.6669, 0.6676, 0.6319, 0.6485, 0.6539, 0.6183]
逆矩阵计算-Gauss-Jordan消元法: [0.9636, 0.9094, 0.8191, 0.9478, 0.8181, 0.9691, 0.8262, 0.9788, 0.8693, 0.9756, 0.8072, 1.0043, 0.8321, 0.9849, 0.8167, 0.9951, 0.8137, 0.9623, 0.8383, 0.9871]
逆矩阵计算-LU分解法: [4.4390, 4.6888, 4.7219, 4.4274, 4.4776, 4.4306, 4.4650, 4.4503, 4.4982, 4.6031, 5.6731, 4.4155, 4.4207, 4.4267, 4.4418, 4.4363, 4.3838, 4.4087, 4.4145, 4.4194]
矩阵大小: 1500x1500
-------------------
矩阵加法: 0.0051 秒 (测试 20 次)
矩阵标量乘法: 0.0044 秒 (测试 20 次)
矩阵转置: 0.0068 秒 (测试 20 次)
矩阵乘法: 0.8982 秒 (测试 20 次)

行列式计算性能:
递归展开法: 未测试 (矩阵过大)
高斯消元法: 0.8742 秒 (测试 20 次)
LU分解法: 0.8696 秒 (测试 20 次)

逆矩阵计算性能:
伴随矩阵法: 未测试 (矩阵过大)
Gauss-Jordan消元法: 1.1287 秒 (测试 20 次)
LU分解法: 5.7323 秒 (测试 20 次)


详细测试时间数组:
矩阵加法: [0.0087, 0.0047, 0.0047, 0.0046, 0.0047, 0.0047, 0.0047, 0.0047, 0.0048, 0.0081, 0.0049, 0.0047, 0.0048, 0.0047, 0.0047, 0.0047, 0.0047, 0.0047, 0.0047, 0.0048]
矩阵标量乘法: [0.0084, 0.0039, 0.0039, 0.0038, 0.0039, 0.0039, 0.0039, 0.0039, 0.0038, 0.0091, 0.0039, 0.0039, 0.0040, 0.0039, 0.0039, 0.0039, 0.0039, 0.0039, 0.0039, 0.0039]
矩阵转置: [0.0171, 0.0055, 0.0058, 0.0090, 0.0055, 0.0056, 0.0057, 0.0056, 0.0056, 0.0129, 0.0071, 0.0057, 0.0056, 0.0066, 0.0056, 0.0056, 0.0055, 0.0055, 0.0056, 0.0057]
矩阵乘法: [0.9586, 0.7618, 0.7268, 0.7687, 0.7344, 0.7709, 0.7372, 0.9380, 0.8035, 1.5303, 0.9363, 0.9577, 0.9004, 1.2959, 1.2097, 0.9502, 0.7314, 0.7594, 0.7282, 0.7639]
行列式计算-高斯消元法: [0.7866, 0.7681, 0.7719, 0.7707, 0.7579, 0.7545, 0.7683, 0.7790, 0.7890, 1.3556, 1.0538, 1.0312, 1.0231, 0.9571, 1.0174, 1.0306, 0.7704, 0.7666, 0.7635, 0.7679]
行列式计算-LU分解法: [0.7571, 0.7766, 0.7615, 0.7790, 0.7680, 0.7687, 0.7677, 0.7734, 0.7882, 1.1325, 1.1086, 1.0794, 1.0291, 0.9714, 1.0049, 1.0603, 0.7595, 0.7631, 0.7704, 0.7719]
逆矩阵计算-Gauss-Jordan消元法: [0.9285, 0.8870, 0.9278, 0.8868, 0.9774, 0.8831, 0.9431, 0.8910, 0.9004, 1.4973, 1.5855, 1.5712, 1.5178, 1.4653, 1.4759, 1.5872, 0.9525, 0.8952, 0.9169, 0.8832]
逆矩阵计算-LU分解法: [5.4819, 5.4481, 5.4358, 5.4118, 5.4476, 5.4428, 5.4308, 5.4787, 7.0098, 7.3829, 6.0836, 5.9126, 5.8770, 5.8382, 5.8447, 5.4206, 5.4246, 5.4167, 5.4419, 5.4153]
矩阵大小: 1600x1600
-------------------
矩阵加法: 0.0056 秒 (测试 20 次)
矩阵标量乘法: 0.0046 秒 (测试 20 次)
矩阵转置: 0.0071 秒 (测试 20 次)
矩阵乘法: 0.9505 秒 (测试 20 次)

行列式计算性能:
递归展开法: 未测试 (矩阵过大)
高斯消元法: 0.8786 秒 (测试 20 次)
LU分解法: 0.8821 秒 (测试 20 次)

逆矩阵计算性能:
伴随矩阵法: 未测试 (矩阵过大)
Gauss-Jordan消元法: 0.9882 秒 (测试 20 次)
LU分解法: 7.4702 秒 (测试 20 次)


详细测试时间数组:
矩阵加法: [0.0102, 0.0054, 0.0055, 0.0055, 0.0053, 0.0053, 0.0053, 0.0054, 0.0054, 0.0054, 0.0054, 0.0056, 0.0054, 0.0053, 0.0054, 0.0054, 0.0053, 0.0052, 0.0053, 0.0053]
矩阵标量乘法: [0.0091, 0.0044, 0.0045, 0.0043, 0.0044, 0.0043, 0.0043, 0.0043, 0.0043, 0.0043, 0.0043, 0.0043, 0.0043, 0.0042, 0.0043, 0.0044, 0.0043, 0.0043, 0.0044, 0.0043]
矩阵转置: [0.0194, 0.0061, 0.0063, 0.0061, 0.0061, 0.0076, 0.0061, 0.0063, 0.0061, 0.0063, 0.0061, 0.0068, 0.0061, 0.0069, 0.0074, 0.0065, 0.0061, 0.0062, 0.0062, 0.0064]
矩阵乘法: [0.8948, 0.9262, 1.1544, 1.1578, 0.8852, 1.2147, 0.8837, 0.9281, 0.8802, 0.9522, 1.0169, 0.9269, 0.8836, 0.9356, 0.8766, 0.9156, 0.8722, 0.9140, 0.8726, 0.9185]
行列式计算-高斯消元法: [0.8826, 0.8676, 0.8604, 0.8843, 0.8725, 0.8550, 0.8755, 0.8736, 0.8840, 0.8857, 0.8999, 0.8745, 0.8800, 0.8778, 0.8785, 0.8696, 0.8815, 0.8816, 0.9006, 0.8878]
行列式计算-LU分解法: [0.8841, 0.8873, 0.8513, 0.8762, 0.8792, 0.8550, 0.8831, 0.8882, 0.8935, 0.8879, 0.9033, 0.8764, 0.8831, 0.8854, 0.8817, 0.8568, 0.8984, 0.8742, 0.8968, 0.9001]
逆矩阵计算-Gauss-Jordan消元法: [1.0111, 1.0170, 0.9424, 1.0164, 1.0178, 0.9415, 0.9839, 1.0176, 0.9913, 0.9462, 1.0067, 1.0216, 1.0009, 0.9855, 0.9827, 0.9910, 0.9959, 0.9311, 0.9927, 0.9707]
逆矩阵计算-LU分解法: [7.5611, 7.2972, 7.5061, 7.3056, 7.5434, 7.2978, 7.5544, 7.3037, 7.5647, 7.3184, 7.5519, 7.2952,